function y = BoostController_GainScheduling(Vin)

y =[-0.199284414244108        -0.336374083268391          55.2392529650768] + Vin*[0.00098472049215651       0.00169248226269358         -0.27347163827411];


