function y = BoostController_GainScheduling(R,Vin)

y=[-0.0864453330473044       -0.0722498921238091          14.4806151573946] + R*[-0.125506819806062        -0.105496200828504          21.4341510785463] + Vin*[0.000484546429153588      0.000405233380672565       -0.0813395358707312];


