function y = BuckBoostController_GainScheduling(R,Vin)


y = [-0.0643134679004905        -0.131278525846794          17.9773626970415] + R*[0.0532112883602737         0.154418031601183         -15.1723824288048] + Vin*[0.000299225778849575      0.000592607450789243        -0.082358718499375];
