%%% Robust Gains Controllers


KBuck = [-0.0989140406523315 ; -0.227377893544428 ; 35.8909170379587];

KBoost = [-0.0553239399059412 ; -0.0536848400231108 ; 9.67274217817866];

KBuckBoost = [-0.0245220944949813 ; -0.0401534176818664 ; 6.12468930283552];