%%% Robust Gains Controllers


KBuck = [-0.0888584753029635 ; -0.170984042526721 ; 25.0734483391604];

KBoost = [-0.0407899111468663 ; -0.0286218019938207 ; 6.04571524494273];

KBuckBoost = [-0.024552498289499 ; -0.0400373740167871 ; 6.07965368059897];
